# x	y	u	v	mask
  0.2176	  3.5226	 -0.0622	 -2.7081	  0.0000
  0.4869	  3.5226	 -0.3159	 -2.9800	  0.0000
  0.7563	  3.5226	 -0.2192	 -3.1759	  0.0000
  1.0257	  3.5226	 -0.0993	 -3.1628	  0.0000
  1.2951	  3.5226	 -0.1298	 -3.1123	  0.0000
  1.5644	  3.5226	  0.1335	 -2.9734	  0.0000
  1.8338	  3.5226	  0.2285	 -3.0094	  0.0000
  2.1032	  3.5226	  0.3577	 -3.0725	  0.0000
  2.3726	  3.5226	  0.5582	 -3.0472	  0.0000
  2.6419	  3.5226	 -0.0536	 -2.5293	  0.0000
  2.9113	  3.5226	 -0.0180	 -3.0461	  0.0000
  3.1807	  3.5226	 -0.0382	 -3.1567	  0.0000
  3.4501	  3.5226	 -0.1704	 -2.8259	  1.0000
  3.7194	  3.5226	 -0.1771	 -2.9562	  0.0000
  3.9888	  3.5226	 -0.0111	 -2.9971	  0.0000
  4.2582	  3.5226	 -0.1759	 -2.9432	  0.0000
  4.5276	  3.5226	 -0.0718	 -2.6691	  0.0000
  4.7969	  3.5226	  0.0634	 -3.1262	  0.0000
  5.0663	  3.5226	 -0.7986	 -2.5729	  0.0000
  0.2176	  3.2532	 -0.2324	 -2.7492	  0.0000
  0.4869	  3.2532	 -0.0544	 -2.9180	  1.0000
  0.7563	  3.2532	 -0.0473	 -3.2017	  0.0000
  1.0257	  3.2532	  0.0445	 -3.1671	  0.0000
  1.2951	  3.2532	  0.2360	 -3.0996	  0.0000
  1.5644	  3.2532	  0.1602	 -2.9705	  0.0000
  1.8338	  3.2532	  0.2544	 -3.0537	  0.0000
  2.1032	  3.2532	  0.2612	 -3.2759	  0.0000
  2.3726	  3.2532	  0.0167	 -2.9278	  0.0000
  2.6419	  3.2532	 -0.1467	 -2.4940	  0.0000
  2.9113	  3.2532	 -0.3346	 -2.5633	  0.0000
  3.1807	  3.2532	 -0.1071	 -2.7191	  0.0000
  3.4501	  3.2532	  0.0180	 -2.8561	  0.0000
  3.7194	  3.2532	  0.0250	 -3.1408	  0.0000
  3.9888	  3.2532	 -0.1315	 -2.9732	  0.0000
  4.2582	  3.2532	 -0.1761	 -2.8354	  0.0000
  4.5276	  3.2532	 -0.1840	 -2.6965	  0.0000
  4.7969	  3.2532	 -0.1973	 -2.8936	  1.0000
  5.0663	  3.2532	 -0.1923	 -3.5400	  0.0000
  0.2176	  2.9838	 -0.2356	 -2.6137	  0.0000
  0.4869	  2.9838	 -0.5269	 -3.0298	  0.0000
  0.7563	  2.9838	 -0.5800	 -3.1743	  0.0000
  1.0257	  2.9838	 -0.0218	 -3.0804	  0.0000
  1.2951	  2.9838	  0.0910	 -3.0397	  0.0000
  1.5644	  2.9838	  0.4513	 -2.7045	  0.0000
  1.8338	  2.9838	  0.2904	 -2.5906	  0.0000
  2.1032	  2.9838	 -0.3519	 -3.0738	  0.0000
  2.3726	  2.9838	 -0.1325	 -2.7732	  0.0000
  2.6419	  2.9838	 -0.2101	 -2.5898	  0.0000
  2.9113	  2.9838	 -0.3088	 -2.5700	  0.0000
  3.1807	  2.9838	 -0.2654	 -2.6647	  0.0000
  3.4501	  2.9838	 -0.1588	 -2.7595	  0.0000
  3.7194	  2.9838	 -0.0625	 -2.9978	  0.0000
  3.9888	  2.9838	 -0.1193	 -3.1136	  0.0000
  4.2582	  2.9838	 -0.4159	 -2.9268	  0.0000
  4.5276	  2.9838	 -0.1948	 -2.6961	  0.0000
  4.7969	  2.9838	 -0.4713	 -3.2198	  0.0000
  5.0663	  2.9838	 -0.0015	 -3.3403	  0.0000
  0.2176	  2.7145	  0.0581	 -2.6229	  0.0000
  0.4869	  2.7145	 -0.0040	 -2.6656	  0.0000
  0.7563	  2.7145	  0.0375	 -2.7248	  0.0000
  1.0257	  2.7145	  0.2157	 -2.6261	  0.0000
  1.2951	  2.7145	  0.0146	 -2.9646	  1.0000
  1.5644	  2.7145	  0.3219	 -2.5615	  0.0000
  1.8338	  2.7145	  0.0801	 -2.9644	  0.0000
  2.1032	  2.7145	 -0.0121	 -3.2282	  0.0000
  2.3726	  2.7145	  0.0103	 -2.9199	  0.0000
  2.6419	  2.7145	 -0.2015	 -2.7391	  0.0000
  2.9113	  2.7145	 -0.2134	 -2.5613	  0.0000
  3.1807	  2.7145	 -0.2537	 -2.6030	  0.0000
  3.4501	  2.7145	 -0.3860	 -2.9129	  0.0000
  3.7194	  2.7145	 -0.5250	 -3.0078	  0.0000
  3.9888	  2.7145	 -0.2820	 -3.0098	  0.0000
  4.2582	  2.7145	  0.1291	 -2.6326	  0.0000
  4.5276	  2.7145	 -0.0780	 -2.7979	  0.0000
  4.7969	  2.7145	 -0.1571	 -3.0411	  0.0000
  5.0663	  2.7145	 -0.0582	 -2.6632	  0.0000
  0.2176	  2.4451	 -0.1308	 -2.6405	  0.0000
  0.4869	  2.4451	 -0.0656	 -2.9969	  0.0000
  0.7563	  2.4451	 -0.0530	 -2.8404	  1.0000
  1.0257	  2.4451	  0.4453	 -2.7742	  0.0000
  1.2951	  2.4451	  0.2771	 -2.8663	  0.0000
  1.5644	  2.4451	  0.0116	 -3.0144	  0.0000
  1.8338	  2.4451	 -0.2275	 -3.2939	  0.0000
  2.1032	  2.4451	  0.0087	 -3.2485	  0.0000
  2.3726	  2.4451	 -0.0981	 -3.1372	  0.0000
  2.6419	  2.4451	 -0.1181	 -2.7938	  1.0000
  2.9113	  2.4451	 -0.0607	 -2.5311	  0.0000
  3.1807	  2.4451	 -0.1160	 -2.3781	  0.0000
  3.4501	  2.4451	 -0.0880	 -2.8025	  0.0000
  3.7194	  2.4451	 -0.2824	 -2.9166	  0.0000
  3.9888	  2.4451	 -0.4147	 -2.6327	  0.0000
  4.2582	  2.4451	 -0.4671	 -2.9080	  0.0000
  4.5276	  2.4451	 -0.1889	 -2.7025	  0.0000
  4.7969	  2.4451	 -0.1958	 -2.7450	  0.0000
  5.0663	  2.4451	 -0.1412	 -2.6621	  0.0000
  0.2176	  2.1757	 -0.5188	 -2.5361	  0.0000
  0.4869	  2.1757	 -0.0461	 -3.0527	  0.0000
  0.7563	  2.1757	 -0.0015	 -2.9418	  0.0000
  1.0257	  2.1757	 -0.0614	 -2.8140	  1.0000
  1.2951	  2.1757	 -0.0346	 -2.7164	  0.0000
  1.5644	  2.1757	  0.0613	 -3.0081	  0.0000
  1.8338	  2.1757	 -0.4434	 -3.1744	  0.0000
  2.1032	  2.1757	 -0.0902	 -3.0497	  0.0000
  2.3726	  2.1757	  0.0586	 -3.0709	  0.0000
  2.6419	  2.1757	  0.2352	 -2.8016	  0.0000
  2.9113	  2.1757	 -0.1517	 -2.7291	  1.0000
  3.1807	  2.1757	 -0.3774	 -2.4674	  0.0000
  3.4501	  2.1757	 -0.4327	 -2.4723	  0.0000
  3.7194	  2.1757	 -0.3793	 -2.6623	  0.0000
  3.9888	  2.1757	 -0.2140	 -2.7823	  0.0000
  4.2582	  2.1757	 -0.0538	 -2.8090	  0.0000
  4.5276	  2.1757	  0.0158	 -2.5789	  0.0000
  4.7969	  2.1757	 -0.0318	 -2.5732	  0.0000
  5.0663	  2.1757	  0.0386	 -2.6574	  0.0000
  0.2176	  1.9063	 -0.5559	 -2.4443	  0.0000
  0.4869	  1.9063	 -0.0209	 -2.7281	  1.0000
  0.7563	  1.9063	  0.0897	 -2.6991	  0.0000
  1.0257	  1.9063	  0.0542	 -2.7482	  0.0000
  1.2951	  1.9063	 -0.0586	 -2.8410	  0.0000
  1.5644	  1.9063	 -0.1002	 -3.1158	  0.0000
  1.8338	  1.9063	  0.0623	 -2.9552	  0.0000
  2.1032	  1.9063	  0.0957	 -2.7828	  0.0000
  2.3726	  1.9063	  0.1051	 -3.0477	  0.0000
  2.6419	  1.9063	  0.1983	 -2.7214	  0.0000
  2.9113	  1.9063	 -0.3224	 -2.5751	  0.0000
  3.1807	  1.9063	 -0.4792	 -2.5375	  0.0000
  3.4501	  1.9063	 -0.4525	 -2.3727	  0.0000
  3.7194	  1.9063	 -0.4048	 -2.3978	  0.0000
  3.9888	  1.9063	 -0.2976	 -2.4902	  0.0000
  4.2582	  1.9063	 -0.0934	 -2.6290	  0.0000
  4.5276	  1.9063	 -0.0209	 -2.6352	  0.0000
  4.7969	  1.9063	  0.0525	 -2.5613	  0.0000
  5.0663	  1.9063	  0.0413	 -2.5158	  0.0000
  0.2176	  1.6370	 -0.3996	 -2.4336	  0.0000
  0.4869	  1.6370	  0.0131	 -2.7108	  1.0000
  0.7563	  1.6370	 -0.4477	 -2.6491	  0.0000
  1.0257	  1.6370	 -0.2736	 -2.7584	  0.0000
  1.2951	  1.6370	 -0.4196	 -3.0553	  0.0000
  1.5644	  1.6370	  0.0852	 -3.0020	  0.0000
  1.8338	  1.6370	  0.0340	 -2.9449	  0.0000
  2.1032	  1.6370	 -0.0662	 -2.7861	  0.0000
  2.3726	  1.6370	  0.0335	 -2.9582	  0.0000
  2.6419	  1.6370	 -0.0477	 -2.8026	  0.0000
  2.9113	  1.6370	 -0.1442	 -2.5984	  0.0000
  3.1807	  1.6370	 -0.3502	 -2.4597	  0.0000
  3.4501	  1.6370	 -0.4004	 -2.5651	  0.0000
  3.7194	  1.6370	 -0.3732	 -2.5415	  0.0000
  3.9888	  1.6370	 -0.4792	 -2.5556	  0.0000
  4.2582	  1.6370	 -0.0673	 -2.5089	  0.0000
  4.5276	  1.6370	 -0.1613	 -2.6095	  1.0000
  4.7969	  1.6370	  0.0348	 -2.5664	  0.0000
  5.0663	  1.6370	 -0.0088	 -2.5067	  0.0000
  0.2176	  1.3676	  0.6024	 -2.2640	  0.0000
  0.4869	  1.3676	 -0.0577	 -2.5897	  0.0000
  0.7563	  1.3676	 -0.2354	 -2.7055	  0.0000
  1.0257	  1.3676	 -0.4140	 -2.6586	  0.0000
  1.2951	  1.3676	 -0.1522	 -3.2151	  0.0000
  1.5644	  1.3676	 -0.2126	 -2.4533	  0.0000
  1.8338	  1.3676	 -0.0036	 -2.8875	  0.0000
  2.1032	  1.3676	 -0.1452	 -2.6139	  0.0000
  2.3726	  1.3676	  0.2805	 -2.6348	  0.0000
  2.6419	  1.3676	 -0.0218	 -2.9097	  0.0000
  2.9113	  1.3676	  0.2311	 -2.2385	  0.0000
  3.1807	  1.3676	  0.1461	 -2.4486	  0.0000
  3.4501	  1.3676	 -0.1000	 -2.6217	  0.0000
  3.7194	  1.3676	 -0.2522	 -2.6477	  0.0000
  3.9888	  1.3676	 -0.3671	 -2.6331	  0.0000
  4.2582	  1.3676	 -0.2784	 -2.6105	  0.0000
  4.5276	  1.3676	 -0.1752	 -2.6856	  0.0000
  4.7969	  1.3676	 -0.1493	 -2.7271	  0.0000
  5.0663	  1.3676	 -0.0835	 -2.2703	  0.0000
  0.2176	  1.0982	  0.5347	 -2.6586	  0.0000
  0.4869	  1.0982	  0.0780	 -2.7132	  0.0000
  0.7563	  1.0982	  0.0374	 -2.8008	  0.0000
  1.0257	  1.0982	  0.2984	 -2.4865	  0.0000
  1.2951	  1.0982	  0.4645	 -2.5458	  0.0000
  1.5644	  1.0982	  0.4387	 -2.4149	  0.0000
  1.8338	  1.0982	  0.1943	 -2.7353	  0.0000
  2.1032	  1.0982	  0.1276	 -2.5492	  0.0000
  2.3726	  1.0982	  0.0764	 -2.7073	  0.0000
  2.6419	  1.0982	 -0.0939	 -2.6028	  0.0000
  2.9113	  1.0982	 -0.1723	 -2.1159	  0.0000
  3.1807	  1.0982	 -0.3641	 -2.3224	  0.0000
  3.4501	  1.0982	 -0.0512	 -2.7220	  0.0000
  3.7194	  1.0982	 -0.3553	 -2.6587	  0.0000
  3.9888	  1.0982	 -0.0879	 -2.5749	  0.0000
  4.2582	  1.0982	 -0.0181	 -2.6192	  0.0000
  4.5276	  1.0982	  0.0401	 -2.6087	  0.0000
  4.7969	  1.0982	 -0.0505	 -2.6354	  0.0000
  5.0663	  1.0982	 -0.1396	 -2.4899	  0.0000
  0.2176	  0.8288	  0.1835	 -2.6406	  1.0000
  0.4869	  0.8288	  0.3443	 -2.7907	  0.0000
  0.7563	  0.8288	  0.3693	 -2.7240	  0.0000
  1.0257	  0.8288	  0.4413	 -2.4131	  0.0000
  1.2951	  0.8288	  0.1751	 -2.4452	  0.0000
  1.5644	  0.8288	  0.3762	 -2.4927	  0.0000
  1.8338	  0.8288	  0.0476	 -2.6757	  0.0000
  2.1032	  0.8288	 -0.1081	 -2.6441	  0.0000
  2.3726	  0.8288	 -0.1888	 -2.6665	  0.0000
  2.6419	  0.8288	 -0.3317	 -2.5916	  0.0000
  2.9113	  0.8288	 -0.2548	 -2.4683	  0.0000
  3.1807	  0.8288	 -0.2087	 -2.4917	  0.0000
  3.4501	  0.8288	 -0.1603	 -2.6097	  0.0000
  3.7194	  0.8288	 -0.1640	 -2.5113	  0.0000
  3.9888	  0.8288	 -0.1913	 -2.5986	  0.0000
  4.2582	  0.8288	 -0.1049	 -2.5468	  0.0000
  4.5276	  0.8288	 -0.1185	 -2.5858	  1.0000
  4.7969	  0.8288	 -0.1283	 -2.5031	  0.0000
  5.0663	  0.8288	 -0.0588	 -2.5428	  0.0000
  0.2176	  0.5595	  0.9174	 -2.6642	  0.0000
  0.4869	  0.5595	  0.0468	 -2.9552	  0.0000
  0.7563	  0.5595	  0.5409	 -2.5351	  0.0000
  1.0257	  0.5595	  0.4246	 -2.5271	  0.0000
  1.2951	  0.5595	 -0.0129	 -2.5591	  0.0000
  1.5644	  0.5595	  0.0784	 -2.4542	  0.0000
  1.8338	  0.5595	  0.0199	 -2.4243	  0.0000
  2.1032	  0.5595	  0.1785	 -2.5016	  0.0000
  2.3726	  0.5595	  0.0477	 -2.3875	  0.0000
  2.6419	  0.5595	 -0.0343	 -2.5694	  0.0000
  2.9113	  0.5595	  0.0721	 -2.5977	  0.0000
  3.1807	  0.5595	 -0.1694	 -2.4539	  0.0000
  3.4501	  0.5595	 -0.1995	 -2.5104	  0.0000
  3.7194	  0.5595	 -0.2537	 -2.6752	  0.0000
  3.9888	  0.5595	 -0.2506	 -2.6154	  0.0000
  4.2582	  0.5595	 -0.1882	 -2.5372	  0.0000
  4.5276	  0.5595	 -0.0690	 -2.4454	  0.0000
  4.7969	  0.5595	  0.1384	 -2.4306	  0.0000
  5.0663	  0.5595	  0.1206	 -2.5126	  0.0000
  0.2176	  0.2901	  0.4125	 -2.8541	  0.0000
  0.4869	  0.2901	  0.3039	 -2.6694	  0.0000
  0.7563	  0.2901	  0.3294	 -2.4551	  0.0000
  1.0257	  0.2901	  0.3468	 -2.7263	  0.0000
  1.2951	  0.2901	  0.0086	 -2.5729	  0.0000
  1.5644	  0.2901	  0.0165	 -2.5178	  0.0000
  1.8338	  0.2901	  0.0996	 -2.2279	  0.0000
  2.1032	  0.2901	  0.3627	 -2.4306	  0.0000
  2.3726	  0.2901	  0.1889	 -2.4352	  0.0000
  2.6419	  0.2901	 -0.0064	 -2.4026	  0.0000
  2.9113	  0.2901	 -0.0672	 -2.5305	  0.0000
  3.1807	  0.2901	 -0.2492	 -2.4725	  0.0000
  3.4501	  0.2901	 -0.1630	 -2.5148	  0.0000
  3.7194	  0.2901	 -0.2023	 -2.6162	  0.0000
  3.9888	  0.2901	 -0.1045	 -2.7468	  0.0000
  4.2582	  0.2901	 -0.1317	 -2.7339	  0.0000
  4.5276	  0.2901	 -0.0425	 -2.6608	  0.0000
  4.7969	  0.2901	  0.1041	 -2.6602	  0.0000
  5.0663	  0.2901	  0.3507	 -2.7175	  0.0000
